c(70, 180, 223, 281, 219, 515, 294, 259, 180, 73, 377, 133, 280, 
65, 50, 102, 443, 104, 189, 622, 417, 250, 58, 175, 599, 34, 
430, 187, 153, 34, 133, 170, 140, 86, 296, 77, 49, 83, 232, 92, 
295, 113, 162, 344, 170, 382, 140, 250, 147, 41, 279, 231, 99, 
213, 452, 62, 124, 59, 280, 267, 15, 143, 291, 465, 75, 106, 
187, 459, 273, 168, 433, 344, 246, 116, 364, 391, 104, 316, 184, 
74, 198, 130, 108, 46, 10, 69, 38, 204, 70, 335, 44, 510, 14, 
241, 756, 24, 49, 107, 256, 77, 382, 70, 171, 1076, 236, 183, 
176, 119, 76, 54, 351, 258, 237, 54, 46, 75, 32, 78, 652, 110, 
104, 129, 230, 231, 582, 281, 91, 69, 35, 129, 107, 130, 88, 
286, 659, 285, 87, 377, 113, 157, 31, 399, 213, 122, 344, 54, 
314, 368, 109, 59, 64, 372, 37, 365, 82, 233, 60, 270, 271, 103, 
54, 127, 250, 328, 256, 480, 203, 345, 323, 229, 261, 483, 102, 
84, 275, 152, 51, 575, 382, 210, 234, 108, 205, 13, 227, 351, 
546, 73, 38, 218, 56, 260, 95, 673, 211, 64, 167, 480, 102, 546, 
191, 173, 684, 242, 35, 64, 166, 213, 345, 45, 141, 151, 621, 
530, 492, 3, 78, 49, 388, 245, 195, 124, 58, 96, 333, 323, 27, 
75, 177, 469, 26, 472, 841, 325, 102, 262, 44, 131, 153, 349, 
417, 171, 134, 467, 712, 183, 112, 385, 286, 55, 489, 267, 37, 
204, 4, 278, 299, 94, 266, 939, 137, 356, 192, 231, 543, 63, 
305, 286, 138, 444, 149, 56, 250, 375, 503, 127, 108, 165, 262, 
209, 21, 407, 95, 814, 204, 96, 660, 131, 510, 74, 140, 378, 
154, 279, 242, 34, 91, 341, 402, 55, 26, 569, 185, 209, 105, 
250, 291, 60, 275, 244, 91, 264, 12, 179, 99, 489, 398, 257, 
36, 255, 162, 80, 164, 181, 352, 144, 135, 235, 165, 181, 179, 
816, 122, 327, 445, 755, 163, 67, 327, 171, 820, 432, 217, 377, 
261, 149, 328, 407, 132, 225, 38, 89, 160, 372, 63, 516, 253, 
287, 341, 518, 76, 293, 474, 244, 498, 289, 170, 155, 169, 102, 
239, 163, 141, 223, 165, 398, 259, 172, 230, 67, 244, 243, 549, 
303, 73, 184, 102, 304, 218, 295, 118, 594, 366, 276, 124, 218, 
287, 166, 631, 71, 327, 59, 74, 244, 116, 404, 43, 150, 239, 
69, 196, 53, 143, 376, 175, 130, 144, 190, 310, 165, 279, 419, 
321, 887, 294, 119, 113, 247, 174, 195, 168, 169, 390, 239, 150, 
98, 448, 245, 136, 555, 160, 170, 89, 147, 254, 465, 55, 113, 
40, 340, 58, 475, 83, 179, 394, 204, 258, 220, 63, 95, 47, 371, 
688, 344, 141, 222, 401, 24, 231, 85, 105, 196, 338, 35, 202, 
91, 245, 301, 67, 266, 38, 175, 178, 108, 35, 254, 69, 35, 173, 
281, 265, 80, 320, 493, 92, 719, 225, 433, 176, 97)
