c(152, 87, 24, 566, 14, 302, 486, 266, 284, 107, 159, 143, 351, 
147, 157, 45, 357, 107, 162, 94, 148, 298, 296, 317, 184, 215, 
185, 167, 125, 35, 124, 100, 96, 106, 30, 425, 155, 218, 229, 
61, 194, 728, 184, 368, 97, 398, 295, 113, 32, 94, 40, 24, 59, 
191, 200, 183, 465, 128, 90, 352, 103, 231, 202, 222, 184, 162, 
43, 108, 87, 220, 19, 267, 209, 125, 199, 138, 184, 467, 286, 
481, 258, 442, 49, 98, 278, 94, 41, 161, 42, 406, 192, 172, 448, 
298, 106, 248, 141, 77, 92, 24, 262, 60, 324, 82, 68, 64, 168, 
70, 95, 269, 325, 117, 111, 240, 229, 264, 102, 319, 210, 87, 
15, 304, 143, 377, 176, 109, 709, 167, 366, 143, 136, 168, 112, 
233, 30, 558, 366, 262, 428, 127, 142, 89, 383, 62, 343, 297, 
247, 422, 227, 94, 23, 22, 306, 276, 108, 262, 269, 300, 871, 
336, 8, 111, 557, 104, 119, 139, 145, 129, 66, 18, 271, 156, 
319, 164, 259, 182, 49, 225, 131, 121, 226, 245, 210, 1045, 309, 
156, 397, 106, 81, 271, 395, 94, 245, 202, 462, 316, 116, 162, 
69, 254, 291, 91, 36, 287, 34, 26, 772, 147, 58, 863, 548, 291, 
624, 169, 130, 38, 274, 89, 29, 37, 168, 96, 62, 225, 292, 71, 
248, 27, 430, 367, 370, 45, 245, 487, 353, 420, 602, 66, 39, 
54, 188, 104, 86, 481, 230, 214, 170, 461, 152, 384, 188, 383, 
832, 417, 121, 119, 615, 532, 215, 217, 112, 152, 260, 383, 497, 
106, 156, 81, 262, 223, 51, 498, 78, 72, 182, 197, 209, 259, 
301, 129, 53, 243, 295, 111, 26, 240, 548, 121, 410, 241, 382, 
552, 13, 160, 42, 22, 53, 114, 213, 342, 261, 312, 307, 70, 629, 
392, 117, 686, 168, 32, 290, 148, 202, 338, 50, 62, 466, 405, 
128, 119, 65, 717, 319, 239, 349, 295, 80, 9, 249, 68, 70, 131, 
37, 233, 327, 27, 133, 328, 402, 647, 497, 165, 141, 332, 249, 
432, 6, 29, 415, 86, 169, 186, 120, 137, 185, 355, 155, 442, 
229, 452, 104, 193, 244, 352, 163, 468, 457, 117, 208, 176, 203, 
44, 459, 211, 522, 121, 481, 25, 600, 225, 148, 149, 430, 138, 
129, 107, 169, 379, 292, 478, 249, 112, 196, 173, 260, 406, 269, 
37, 394, 356, 194, 97, 257, 84, 290, 248, 332, 363, 212, 147, 
290, 118, 246, 258, 109, 73, 192, 417, 31, 130, 22, 27, 295, 
57, 142, 223, 166, 77, 282, 33, 80, 215, 300, 93, 167, 220, 448, 
11, 29, 4, 21, 111, 245, 13, 649, 89, 174, 247, 170, 57, 493, 
450, 124, 175, 295, 132, 346, 97, 512, 374, 119, 358, 46, 330, 
348, 179, 271, 186, 45, 96, 289, 148, 235, 53, 699, 139, 142, 
85, 386, 147, 3, 153, 184, 259, 33, 83, 163, 440, 126, 220, 214, 
278, 201, 232, 555, 270, 350, 383, 614, 21)
