c(56, 170, 106, 206, 245, 237, 325, 108, 150, 45, 744, 469, 65, 
140, 237, 249, 200, 119, 242, 279, 199, 167, 208, 125, 311, 98, 
217, 324, 45, 69, 297, 130, 36, 231, 212, 336, 584, 566, 182, 
37, 404, 388, 373, 252, 232, 274, 50, 665, 78, 58, 53, 79, 168, 
188, 658, 129, 171, 34, 784, 199, 717, 232, 385, 152, 39, 267, 
99, 119, 270, 818, 161, 691, 218, 254, 230, 132, 118, 80, 93, 
260, 105, 501, 153, 258, 555, 15, 172, 201, 116, 77, 368, 325, 
333, 268, 138, 120, 145, 18, 93, 71, 86, 293, 195, 206, 134, 
259, 34, 103, 66, 149, 157, 10, 116, 221, 279, 110, 85, 178, 
127, 379, 73, 174, 65, 97, 108, 3, 39, 114, 86, 118, 148, 32, 
163, 227, 67, 166, 272, 249, 147, 51, 353, 65, 292, 282, 347, 
93, 1124, 475, 112, 604, 623, 313, 197, 183, 421, 205, 171, 301, 
133, 512, 98, 637, 97, 208, 118, 230, 128, 652, 155, 75, 189, 
86, 610, 353, 96, 92, 281, 337, 485, 16, 206, 262, 173, 336, 
358, 284, 394, 43, 304, 160, 48, 12, 220, 307, 24, 70, 1078, 
253, 155, 434, 106, 90, 167, 53, 121, 138, 185, 170, 153, 35, 
396, 491, 655, 763, 58, 405, 118, 37, 365, 49, 102, 40, 90, 432, 
260, 324, 154, 303, 178, 65, 65, 207, 114, 331, 370, 242, 344, 
544, 98, 57, 158, 195, 164, 182, 98, 726, 63, 230, 173, 197, 
128, 87, 521, 174, 163, 28, 289, 32, 99, 194, 194, 56, 487, 113, 
57, 154, 253, 173, 295, 325, 697, 203, 312, 42, 394, 683, 30, 
91, 413, 202, 250, 98, 127, 504, 21, 314, 115, 209, 440, 40, 
78, 453, 151, 485, 39, 211, 355, 454, 29, 469, 666, 76, 189, 
164, 70, 186, 16, 364, 239, 51, 78, 602, 95, 227, 228, 171, 158, 
467, 43, 214, 145, 170, 103, 214, 124, 431, 322, 60, 69, 58, 
421, 317, 69, 103, 109, 216, 95, 150, 166, 143, 39, 124, 113, 
608, 189, 210, 197, 558, 41, 247, 506, 359, 136, 155, 245, 162, 
3, 36, 67, 258, 247, 55, 323, 94, 412, 495, 8, 99, 106, 169, 
1127, 105, 39, 111, 414, 106, 89, 277, 364, 70, 56, 68, 240, 
323, 658, 190, 286, 374, 216, 152, 83, 62, 99, 244, 39, 170, 
408, 103, 228, 152, 396, 269, 332, 521, 56, 82, 54, 409, 119, 
179, 168, 137, 127, 101, 887, 150, 65, 90, 267, 43, 209, 35, 
90, 103, 930, 196, 181, 313, 299, 489, 294, 782, 46, 415, 114, 
18, 204, 114, 268, 265, 110, 244, 190, 40, 461, 372, 609, 125, 
33, 429, 119, 621, 338, 151, 220, 123, 321, 308, 334, 248, 180, 
276, 69, 428, 441, 218, 351, 264, 165, 274, 283, 295, 93, 220, 
17, 448, 84, 195, 395, 516, 107, 163, 80, 181, 191, 254, 92, 
257, 189, 114, 737, 101, 87, 82, 68, 74, 277, 279, 498, 332)
