c(257, 87, 323, 160, 181, 88, 321, 272, 142, 169, 360, 469, 181, 
683, 331, 406, 196, 110, 206, 273, 110, 386, 123, 160, 136, 76, 
398, 521, 240, 449, 317, 104, 161, 227, 359, 85, 160, 447, 88, 
102, 920, 69, 179, 295, 243, 194, 249, 258, 91, 510, 100, 34, 
51, 179, 16, 143, 533, 43, 630, 209, 268, 409, 360, 157, 129, 
125, 291, 91, 9, 44, 78, 120, 151, 50, 758, 702, 165, 216, 173, 
485, 35, 128, 952, 91, 285, 89, 495, 112, 6, 384, 191, 66, 146, 
227, 269, 526, 346, 211, 361, 191, 41, 153, 160, 268, 219, 314, 
236, 283, 132, 227, 93, 136, 130, 261, 139, 113, 187, 223, 121, 
18, 34, 126, 352, 178, 272, 53, 297, 36, 102, 118, 137, 340, 
408, 281, 26, 237, 178, 616, 211, 226, 120, 376, 523, 183, 56, 
217, 72, 165, 28, 211, 611, 279, 280, 226, 311, 46, 328, 245, 
99, 138, 304, 334, 274, 12, 226, 78, 139, 439, 627, 227, 327, 
421, 222, 115, 178, 116, 195, 27, 171, 560, 565, 421, 405, 291, 
172, 109, 41, 408, 321, 194, 166, 229, 269, 59, 44, 116, 179, 
208, 471, 201, 49, 17, 242, 97, 354, 110, 126, 170, 119, 155, 
89, 216, 210, 31, 124, 244, 141, 50, 85, 291, 430, 196, 382, 
49, 62, 555, 113, 100, 357, 163, 73, 84, 262, 188, 232, 308, 
538, 47, 132, 845, 629, 26, 259, 123, 437, 148, 174, 67, 265, 
473, 54, 105, 61, 44, 515, 43, 82, 457, 128, 290, 89, 182, 93, 
429, 323, 69, 464, 259, 291, 89, 70, 295, 484, 187, 228, 450, 
182, 204, 183, 254, 219, 83, 290, 393, 123, 358, 217, 96, 913, 
67, 254, 274, 13, 38, 193, 193, 496, 199, 404, 267, 77, 499, 
276, 251, 44, 310, 159, 230, 22, 127, 188, 557, 105, 51, 107, 
163, 10, 182, 34, 412, 174, 88, 135, 602, 521, 672, 76, 478, 
436, 110, 85, 358, 81, 359, 398, 45, 74, 334, 247, 171, 233, 
117, 661, 22, 71, 62, 180, 759, 99, 503, 396, 137, 253, 104, 
62, 185, 336, 307, 24, 163, 468, 400, 642, 291, 174, 250, 87, 
216, 153, 56, 315, 661, 47, 171, 252, 105, 157, 685, 365, 388, 
127, 79, 27, 61, 178, 312, 281, 134, 133, 56, 173, 430, 332, 
108, 365, 71, 180, 290, 123, 166, 76, 58, 39, 263, 189, 168, 
76, 57, 329, 100, 197, 154, 140, 283, 263, 151, 305, 35, 82, 
402, 228, 7, 127, 161, 63, 128, 115, 168, 395, 914, 114, 578, 
160, 257, 63, 241, 140, 280, 323, 73, 27, 132, 417, 40, 51, 14, 
187, 519, 90, 165, 313, 120, 298, 52, 294, 121, 630, 377, 107, 
205, 77, 55, 165, 132, 220, 170, 154, 137, 24, 148, 102, 157, 
481, 1275, 51, 128, 264, 238, 67, 31, 154, 17, 24, 375, 306, 
230, 171, 271, 131, 239, 56, 461, 317, 187, 79, 240, 64, 162, 
141, 121)
