c(120, 202, 170, 577, 389, 66, 349, 198, 55, 121, 320, 241, 330, 
185, 249, 268, 220, 154, 182, 40, 250, 44, 154, 175, 213, 304, 
441, 235, 232, 660, 108, 173, 155, 22, 30, 126, 175, 285, 276, 
250, 54, 306, 75, 101, 472, 410, 234, 126, 129, 68, 386, 180, 
204, 142, 147, 350, 116, 145, 319, 507, 99, 114, 213, 197, 98, 
58, 234, 416, 348, 55, 91, 116, 288, 96, 144, 201, 57, 289, 150, 
18, 193, 45, 576, 158, 326, 487, 171, 307, 155, 64, 91, 189, 
452, 308, 17, 136, 378, 245, 29, 137, 68, 101, 355, 66, 186, 
242, 16, 264, 145, 504, 250, 145, 104, 414, 211, 344, 70, 292, 
111, 114, 151, 274, 185, 183, 446, 490, 147, 138, 62, 121, 184, 
402, 235, 147, 50, 77, 235, 514, 453, 422, 155, 93, 583, 285, 
302, 280, 368, 290, 112, 62, 258, 95, 295, 154, 226, 407, 57, 
122, 649, 308, 165, 182, 66, 570, 273, 120, 500, 271, 314, 435, 
32, 180, 655, 237, 80, 979, 554, 73, 489, 240, 322, 269, 87, 
80, 499, 8, 9, 131, 39, 293, 441, 19, 223, 148, 66, 38, 614, 
31, 155, 209, 38, 347, 158, 197, 37, 498, 329, 68, 165, 98, 197, 
188, 374, 81, 457, 10, 569, 281, 119, 227, 177, 262, 44, 286, 
89, 86, 401, 7, 119, 168, 44, 271, 31, 70, 55, 741, 211, 118, 
102, 132, 105, 211, 358, 174, 173, 137, 24, 607, 167, 47, 304, 
223, 307, 48, 101, 243, 472, 208, 16, 66, 112, 382, 383, 97, 
247, 318, 434, 155, 25, 551, 68, 195, 79, 179, 306, 275, 945, 
322, 485, 239, 539, 100, 302, 423, 386, 53, 355, 214, 171, 87, 
254, 243, 324, 129, 225, 153, 207, 219, 374, 144, 251, 529, 702, 
60, 243, 77, 547, 169, 280, 25, 74, 128, 156, 101, 48, 189, 477, 
56, 177, 385, 337, 310, 97, 31, 280, 115, 566, 330, 506, 25, 
32, 95, 130, 72, 177, 220, 315, 2, 588, 162, 588, 98, 703, 97, 
105, 424, 149, 78, 252, 405, 780, 97, 79, 112, 23, 27, 30, 449, 
168, 9, 266, 174, 241, 90, 514, 96, 111, 116, 235, 284, 319, 
225, 248, 508, 95, 177, 399, 49, 477, 362, 706, 241, 234, 294, 
359, 185, 339, 49, 61, 206, 181, 315, 53, 34, 280, 484, 277, 
170, 147, 14, 143, 313, 222, 74, 87, 354, 265, 88, 86, 109, 70, 
193, 219, 118, 90, 189, 322, 12, 123, 386, 125, 151, 82, 203, 
318, 153, 321, 101, 184, 184, 35, 146, 513, 47, 214, 187, 49, 
569, 30, 381, 357, 128, 276, 330, 295, 135, 136, 103, 31, 273, 
563, 180, 354, 310, 446, 588, 176, 115, 201, 190, 481, 138, 137, 
279, 45, 193, 184, 565, 530, 92, 276, 93, 101, 358, 221, 234, 
196, 12, 262, 162, 148, 103, 199, 136, 72, 550, 136, 390, 129, 
205, 427, 269, 88, 703, 197, 556, 92, 498, 451, 383)
