c(379, 73, 70, 158, 62, 159, 63, 149, 181, 76, 43, 60, 185, 77, 
149, 213, 428, 117, 212, 166, 115, 350, 201, 360, 34, 160, 335, 
176, 34, 221, 279, 196, 370, 590, 9, 305, 82, 565, 189, 240, 
51, 356, 358, 287, 287, 202, 142, 561, 77, 202, 58, 1055, 284, 
102, 412, 871, 87, 320, 77, 161, 228, 47, 115, 64, 467, 75, 129, 
315, 152, 154, 190, 87, 191, 60, 442, 142, 126, 26, 154, 282, 
912, 214, 406, 167, 571, 568, 58, 57, 153, 145, 98, 55, 83, 142, 
167, 583, 254, 262, 210, 28, 66, 79, 1091, 110, 85, 288, 194, 
175, 42, 168, 767, 423, 136, 70, 192, 5, 271, 169, 80, 143, 207, 
50, 57, 374, 200, 28, 326, 181, 142, 87, 213, 37, 234, 122, 332, 
301, 146, 514, 583, 283, 33, 295, 451, 98, 47, 51, 473, 119, 
140, 162, 227, 254, 127, 293, 20, 237, 7, 279, 132, 154, 325, 
155, 213, 50, 183, 147, 596, 26, 387, 63, 101, 127, 611, 163, 
54, 413, 231, 107, 96, 13, 668, 86, 156, 204, 139, 274, 480, 
133, 846, 433, 184, 58, 216, 230, 684, 36, 133, 434, 72, 539, 
40, 159, 209, 601, 102, 463, 268, 98, 140, 488, 104, 38, 158, 
27, 215, 27, 177, 98, 78, 494, 210, 59, 84, 154, 151, 198, 184, 
58, 429, 23, 382, 58, 66, 79, 176, 122, 188, 90, 491, 131, 195, 
301, 62, 155, 314, 211, 527, 391, 18, 365, 71, 280, 618, 548, 
118, 174, 51, 148, 83, 57, 811, 140, 215, 63, 53, 476, 155, 637, 
344, 185, 104, 80, 576, 419, 96, 275, 585, 193, 40, 84, 459, 
74, 29, 411, 390, 4, 250, 181, 239, 366, 654, 272, 386, 67, 84, 
711, 163, 235, 347, 241, 191, 95, 674, 256, 216, 49, 649, 105, 
102, 172, 333, 135, 155, 57, 493, 540, 1008, 237, 15, 435, 416, 
623, 17, 471, 150, 34, 41, 326, 92, 194, 101, 135, 168, 157, 
42, 268, 84, 258, 158, 230, 105, 48, 215, 115, 303, 81, 436, 
277, 185, 442, 95, 543, 622, 37, 759, 374, 218, 147, 351, 318, 
55, 113, 469, 120, 57, 286, 92, 8, 571, 79, 89, 523, 204, 121, 
363, 573, 301, 636, 113, 225, 79, 81, 402, 120, 145, 489, 88, 
490, 237, 427, 57, 189, 355, 83, 126, 510, 36, 383, 55, 227, 
219, 1066, 145, 149, 356, 462, 379, 444, 142, 105, 197, 290, 
260, 232, 360, 720, 55, 121, 126, 579, 73, 430, 123, 121, 76, 
88, 734, 271, 363, 727, 67, 137, 442, 252, 330, 120, 145, 229, 
418, 75, 31, 239, 193, 358, 151, 314, 53, 100, 316, 220, 238, 
110, 187, 67, 193, 87, 468, 260, 425, 263, 348, 27, 194, 29, 
344, 331, 113, 308, 21, 502, 308, 259, 248, 63, 371, 539, 74, 
118, 259, 947, 696, 39, 517, 459, 286, 225, 849, 277, 396, 187, 
83, 724, 90, 16, 138, 393, 118, 107, 145, 413)
