c(937, 551, 173, 300, 369, 296, 456, 72, 222, 214, 157, 179, 
588, 5, 848, 258, 25, 264, 277, 573, 229, 160, 411, 271, 170, 
297, 94, 262, 211, 175, 358, 221, 56, 345, 61, 148, 369, 36, 
526, 143, 33, 115, 188, 34, 188, 85, 510, 632, 242, 127, 242, 
70, 56, 167, 86, 271, 122, 70, 209, 64, 25, 165, 44, 307, 194, 
4, 570, 185, 135, 564, 321, 554, 1018, 33, 217, 397, 384, 83, 
182, 33, 510, 251, 103, 737, 183, 197, 204, 312, 24, 156, 330, 
181, 80, 81, 247, 72, 706, 175, 137, 364, 136, 147, 183, 196, 
72, 150, 112, 118, 176, 363, 571, 326, 383, 272, 899, 276, 74, 
44, 146, 187, 663, 62, 360, 94, 555, 72, 115, 164, 109, 115, 
8, 269, 4, 18, 215, 358, 58, 26, 62, 105, 164, 39, 673, 99, 128, 
39, 598, 103, 18, 177, 229, 234, 321, 95, 73, 115, 433, 260, 
288, 423, 111, 58, 132, 77, 54, 363, 299, 36, 33, 77, 740, 299, 
477, 22, 285, 19, 386, 68, 299, 256, 223, 242, 201, 186, 349, 
556, 310, 163, 442, 418, 49, 41, 267, 42, 9, 153, 257, 81, 60, 
370, 425, 503, 45, 22, 325, 75, 117, 56, 256, 72, 652, 22, 215, 
226, 127, 191, 132, 62, 84, 71, 148, 52, 782, 15, 440, 291, 455, 
170, 126, 157, 169, 250, 339, 51, 253, 31, 76, 94, 395, 43, 522, 
552, 21, 155, 318, 69, 275, 394, 69, 465, 429, 180, 142, 113, 
14, 166, 355, 145, 288, 373, 703, 22, 90, 252, 98, 200, 110, 
444, 46, 105, 145, 165, 232, 43, 37, 127, 555, 78, 60, 385, 1204, 
125, 373, 127, 261, 160, 342, 143, 229, 404, 96, 315, 35, 337, 
130, 247, 107, 186, 498, 18, 172, 632, 152, 358, 126, 151, 446, 
243, 362, 373, 74, 470, 215, 462, 560, 31, 227, 591, 133, 66, 
526, 178, 420, 147, 43, 235, 104, 261, 608, 213, 346, 318, 192, 
174, 123, 36, 388, 498, 136, 125, 268, 241, 438, 255, 283, 346, 
50, 29, 304, 242, 251, 86, 210, 293, 152, 407, 132, 343, 58, 
676, 20, 12, 81, 21, 686, 302, 194, 80, 147, 152, 496, 131, 185, 
413, 61, 283, 891, 300, 58, 32, 133, 112, 110, 173, 182, 158, 
408, 28, 442, 174, 128, 332, 13, 92, 44, 321, 63, 123, 100, 113, 
38, 181, 463, 172, 98, 656, 483, 198, 20, 383, 167, 474, 407, 
15, 43, 352, 336, 175, 221, 196, 94, 109, 423, 151, 228, 198, 
142, 279, 205, 52, 286, 420, 38, 85, 349, 130, 84, 211, 31, 109, 
35, 155, 97, 1050, 56, 311, 414, 107, 29, 264, 197, 344, 226, 
122, 364, 132, 401, 427, 202, 204, 105, 64, 56, 269, 119, 23, 
18, 273, 125, 349, 258, 98, 51, 190, 77, 298, 127, 274, 41, 7, 
74, 156, 169, 38, 167, 278, 136, 157, 232, 180, 410, 91, 31, 
303, 20, 310, 680, 168, 684, 197)
