c(82, 5, 109, 229, 21, 153, 281, 342, 57, 235, 35, 61, 145, 200, 
32, 431, 120, 199, 481, 256, 238, 141, 16, 109, 371, 136, 142, 
71, 177, 7, 133, 364, 292, 299, 170, 150, 803, 319, 453, 271, 
127, 180, 161, 406, 107, 39, 119, 46, 428, 50, 327, 88, 160, 
55, 248, 105, 95, 51, 587, 296, 219, 248, 103, 720, 688, 205, 
91, 423, 193, 80, 75, 131, 11, 191, 234, 49, 20, 141, 243, 325, 
664, 145, 255, 283, 109, 180, 528, 190, 664, 109, 33, 103, 217, 
95, 395, 313, 236, 385, 74, 523, 232, 210, 91, 283, 304, 146, 
68, 179, 286, 28, 192, 137, 591, 212, 512, 126, 11, 404, 1014, 
237, 74, 278, 137, 153, 117, 203, 276, 272, 115, 307, 565, 43, 
230, 113, 138, 130, 273, 505, 193, 61, 446, 184, 724, 66, 137, 
12, 473, 398, 279, 151, 61, 109, 339, 169, 178, 71, 33, 486, 
55, 357, 274, 63, 130, 81, 239, 175, 193, 142, 317, 417, 179, 
146, 88, 158, 100, 233, 370, 114, 251, 98, 106, 56, 234, 90, 
162, 39, 72, 230, 298, 159, 100, 80, 778, 32, 224, 191, 233, 
219, 168, 706, 155, 191, 185, 253, 648, 38, 278, 364, 100, 262, 
249, 16, 28, 55, 72, 340, 8, 200, 140, 195, 135, 311, 133, 236, 
40, 178, 264, 109, 100, 455, 220, 320, 397, 227, 265, 452, 38, 
605, 166, 254, 101, 354, 278, 194, 274, 104, 374, 707, 171, 288, 
66, 558, 36, 459, 225, 439, 563, 344, 199, 462, 289, 41, 33, 
42, 530, 30, 101, 114, 387, 39, 15, 289, 190, 79, 82, 314, 213, 
161, 490, 366, 461, 263, 484, 586, 90, 361, 314, 157, 240, 90, 
110, 411, 57, 324, 25, 122, 142, 42, 29, 16, 369, 194, 502, 37, 
43, 374, 533, 166, 237, 223, 149, 45, 75, 384, 119, 71, 98, 177, 
198, 419, 169, 736, 257, 888, 207, 443, 191, 250, 104, 109, 419, 
350, 262, 109, 194, 379, 137, 242, 669, 59, 700, 434, 435, 88, 
528, 367, 142, 178, 459, 35, 145, 36, 26, 174, 36, 317, 476, 
207, 9, 50, 271, 96, 21, 178, 157, 115, 94, 450, 378, 148, 133, 
155, 341, 382, 129, 217, 259, 118, 135, 587, 246, 187, 432, 122, 
66, 479, 73, 72, 231, 1387, 209, 172, 129, 158, 204, 46, 71, 
219, 294, 376, 280, 159, 826, 158, 244, 181, 674, 88, 484, 353, 
286, 20, 86, 89, 462, 9, 220, 140, 396, 439, 655, 342, 176, 443, 
67, 213, 292, 285, 687, 3, 274, 151, 197, 359, 154, 123, 77, 
84, 217, 77, 162, 217, 172, 22, 165, 485, 328, 106, 147, 29, 
209, 160, 458, 120, 126, 195, 82, 117, 108, 331, 342, 178, 140, 
232, 147, 171, 335, 483, 332, 129, 75, 89, 308, 37, 305, 91, 
54, 208, 211, 102, 404, 226, 393, 295, 360, 263, 171, 175, 471, 
1207, 257, 142, 160, 35, 603, 338, 92, 123, 139, 338)
