c(150, 259, 166, 130, 30, 170, 116, 421, 171, 171, 51, 263, 34, 
48, 50, 311, 199, 169, 170, 121, 620, 144, 103, 316, 99, 36, 
60, 226, 165, 83, 177, 232, 69, 349, 103, 146, 262, 79, 331, 
540, 208, 247, 134, 212, 208, 145, 118, 129, 40, 179, 217, 472, 
58, 293, 147, 13, 332, 103, 71, 803, 87, 79, 158, 25, 253, 297, 
78, 92, 272, 274, 405, 63, 237, 438, 231, 500, 409, 356, 320, 
602, 293, 69, 27, 420, 80, 71, 331, 110, 717, 1080, 261, 63, 
130, 84, 345, 322, 211, 561, 177, 87, 562, 287, 92, 43, 220, 
858, 189, 327, 176, 123, 124, 73, 66, 48, 251, 54, 82, 216, 302, 
394, 184, 361, 57, 137, 101, 290, 822, 545, 258, 66, 340, 300, 
202, 224, 558, 83, 549, 269, 135, 177, 241, 97, 134, 47, 343, 
117, 277, 40, 159, 86, 626, 283, 546, 155, 61, 529, 457, 273, 
190, 117, 450, 70, 570, 198, 145, 335, 744, 326, 57, 479, 787, 
239, 189, 183, 277, 259, 86, 138, 199, 481, 301, 196, 336, 491, 
199, 161, 126, 43, 434, 165, 51, 193, 93, 37, 49, 83, 72, 323, 
203, 35, 101, 66, 211, 323, 167, 86, 252, 49, 167, 370, 101, 
178, 263, 129, 284, 139, 32, 116, 519, 310, 104, 118, 141, 349, 
89, 280, 249, 259, 337, 248, 101, 465, 219, 368, 237, 27, 154, 
290, 132, 191, 27, 202, 135, 79, 531, 289, 751, 347, 457, 260, 
284, 87, 303, 329, 148, 267, 206, 349, 86, 148, 105, 296, 60, 
350, 209, 287, 205, 180, 228, 159, 327, 41, 193, 103, 168, 117, 
169, 99, 167, 370, 291, 172, 23, 269, 88, 139, 101, 155, 399, 
137, 324, 271, 382, 126, 81, 124, 74, 35, 148, 112, 342, 190, 
77, 271, 63, 406, 20, 233, 184, 572, 30, 644, 418, 295, 97, 144, 
301, 113, 281, 118, 78, 675, 207, 35, 62, 345, 154, 133, 91, 
238, 339, 607, 111, 360, 105, 91, 189, 309, 83, 61, 28, 161, 
394, 351, 613, 310, 472, 104, 230, 57, 12, 182, 77, 605, 91, 
48, 794, 94, 294, 142, 167, 276, 626, 504, 69, 250, 271, 230, 
116, 139, 210, 140, 527, 151, 157, 377, 618, 162, 290, 417, 453, 
119, 159, 247, 303, 108, 105, 140, 223, 334, 212, 19, 99, 197, 
251, 50, 45, 277, 70, 296, 621, 110, 170, 194, 174, 266, 100, 
231, 517, 57, 301, 756, 225, 140, 99, 179, 294, 185, 64, 63, 
26, 271, 104, 216, 469, 157, 215, 146, 89, 161, 204, 129, 72, 
30, 731, 69, 235, 496, 239, 97, 192, 342, 279, 487, 219, 90, 
416, 441, 170, 95, 556, 121, 153, 187, 327, 142, 72, 172, 535, 
557, 300, 806, 241, 142, 58, 151, 112, 335, 38, 110, 262, 45, 
246, 245, 210, 510, 359, 28, 485, 661, 162, 107, 264, 297, 319, 
280, 18, 77, 63, 617, 482, 449, 461, 243, 226, 127, 175, 274, 
83, 63)
